# step, loss_train, loss_test, metrics_test
0.000000000000000000e+00 1.758178919553756714e-01 2.492260336875915527e-01 3.096207743510603905e-03 6.400000000000000000e+01 4.900000000000000000e+01 7.290000000000000000e+02 3.489525222778320312e+01 3.668101501464843750e+01 2.580370178222656250e+02 1.758178919553756714e-01 2.492260336875915527e-01 3.096207743510603905e-03 6.400000000000000000e+01 4.900000000000000000e+01 7.290000000000000000e+02 3.489525222778320312e+01 3.668101501464843750e+01 2.580370178222656250e+02
1.000000000000000000e+03 3.571733236312866211e+00 3.639764308929443359e+00 4.123375415802001953e+00 3.706003189086914062e+01 1.952206715941429138e-02 1.865891337394714355e+00 3.326650619506835938e+01 6.873680591583251953e+00 1.117836380004882812e+01 3.571733236312866211e+00 3.639764308929443359e+00 4.123375415802001953e+00 3.706003189086914062e+01 1.952206715941429138e-02 1.865891337394714355e+00 3.326650619506835938e+01 6.873680591583251953e+00 1.117836380004882812e+01
2.000000000000000000e+03 9.084266662597656250e+00 1.881176829338073730e+00 1.285161852836608887e+00 1.684848403930664062e+01 3.219600617885589600e-01 1.481718182563781738e+00 3.269064331054687500e+01 1.584652805328369141e+01 4.635214328765869141e+00 9.084266662597656250e+00 1.881176829338073730e+00 1.285161852836608887e+00 1.684848403930664062e+01 3.219600617885589600e-01 1.481718182563781738e+00 3.269064331054687500e+01 1.584652805328369141e+01 4.635214328765869141e+00
3.000000000000000000e+03 8.682926177978515625e+00 1.918738603591918945e+00 9.398157596588134766e-01 1.385484695434570312e+01 3.889834284782409668e-01 1.478497266769409180e+00 3.286999130249023438e+01 1.831741142272949219e+01 3.035246372222900391e+00 8.682926177978515625e+00 1.918738603591918945e+00 9.398157596588134766e-01 1.385484695434570312e+01 3.889834284782409668e-01 1.478497266769409180e+00 3.286999130249023438e+01 1.831741142272949219e+01 3.035246372222900391e+00
4.000000000000000000e+03 8.431408882141113281e+00 2.035994768142700195e+00 7.827939391136169434e-01 1.195025730133056641e+01 3.886944055557250977e-01 1.362240314483642578e+00 3.261131286621093750e+01 1.917742347717285156e+01 2.532627344131469727e+00 8.431408882141113281e+00 2.035994768142700195e+00 7.827939391136169434e-01 1.195025730133056641e+01 3.886944055557250977e-01 1.362240314483642578e+00 3.261131286621093750e+01 1.917742347717285156e+01 2.532627344131469727e+00
5.000000000000000000e+03 8.154447555541992188e+00 2.190919876098632812e+00 6.157945394515991211e-01 1.032077884674072266e+01 3.786312639713287354e-01 1.286957263946533203e+00 3.246826553344726562e+01 1.968859672546386719e+01 2.043523550033569336e+00 8.154447555541992188e+00 2.190919876098632812e+00 6.157945394515991211e-01 1.032077884674072266e+01 3.786312639713287354e-01 1.286957263946533203e+00 3.246826553344726562e+01 1.968859672546386719e+01 2.043523550033569336e+00
6.000000000000000000e+03 7.797035217285156250e+00 2.385533571243286133e+00 5.083583593368530273e-01 8.855110168457031250e+00 3.655416667461395264e-01 1.175410866737365723e+00 3.217870712280273438e+01 1.994950485229492188e+01 1.788167834281921387e+00 7.797035217285156250e+00 2.385533571243286133e+00 5.083583593368530273e-01 8.855110168457031250e+00 3.655416667461395264e-01 1.175410866737365723e+00 3.217870712280273438e+01 1.994950485229492188e+01 1.788167834281921387e+00
7.000000000000000000e+03 7.276924133300781250e+00 2.655739068984985352e+00 3.817730545997619629e-01 7.457243442535400391e+00 3.473573029041290283e-01 1.047092437744140625e+00 3.172298622131347656e+01 2.002977752685546875e+01 1.695040583610534668e+00 7.276924133300781250e+00 2.655739068984985352e+00 3.817730545997619629e-01 7.457243442535400391e+00 3.473573029041290283e-01 1.047092437744140625e+00 3.172298622131347656e+01 2.002977752685546875e+01 1.695040583610534668e+00
8.000000000000000000e+03 6.203204631805419922e+00 3.567127466201782227e+00 2.872920036315917969e-01 6.063530921936035156e+00 3.316334486007690430e-01 8.568166494369506836e-01 2.976473808288574219e+01 2.017385101318359375e+01 2.258934259414672852e+00 6.203204631805419922e+00 3.567127466201782227e+00 2.872920036315917969e-01 6.063530921936035156e+00 3.316334486007690430e-01 8.568166494369506836e-01 2.976473808288574219e+01 2.017385101318359375e+01 2.258934259414672852e+00
9.000000000000000000e+03 9.811019301414489746e-01 1.968994379043579102e+00 6.304202675819396973e-01 2.053248643875122070e+00 3.363423943519592285e-01 9.572634845972061157e-02 6.476723194122314453e+00 6.219720363616943359e+00 1.222195816040039062e+01 9.811019301414489746e-01 1.968994379043579102e+00 6.304202675819396973e-01 2.053248643875122070e+00 3.363423943519592285e-01 9.572634845972061157e-02 6.476723194122314453e+00 6.219720363616943359e+00 1.222195816040039062e+01
1.000000000000000000e+04 3.946334123611450195e-01 9.276054501533508301e-01 3.237164020538330078e-01 9.820558428764343262e-01 1.205570548772811890e-01 6.928347283974289894e-05 2.751365661621093750e+00 2.617856979370117188e+00 8.418354034423828125e+00 3.946334123611450195e-01 9.276054501533508301e-01 3.237164020538330078e-01 9.820558428764343262e-01 1.205570548772811890e-01 6.928347283974289894e-05 2.751365661621093750e+00 2.617856979370117188e+00 8.418354034423828125e+00
1.100000000000000000e+04 2.364385277032852173e-01 5.006621479988098145e-01 2.407299280166625977e-01 5.144631266593933105e-01 4.455922544002532959e-02 1.415679138153791428e-02 1.521591782569885254e+00 1.506839871406555176e+00 5.416954517364501953e+00 2.364385277032852173e-01 5.006621479988098145e-01 2.407299280166625977e-01 5.144631266593933105e-01 4.455922544002532959e-02 1.415679138153791428e-02 1.521591782569885254e+00 1.506839871406555176e+00 5.416954517364501953e+00
1.200000000000000000e+04 1.458872854709625244e-01 3.450151085853576660e-01 2.279723882675170898e-01 2.872006893157958984e-01 2.045217342674732208e-02 1.986669003963470459e-02 9.848017096519470215e-01 9.759994745254516602e-01 3.168862342834472656e+00 1.458872854709625244e-01 3.450151085853576660e-01 2.279723882675170898e-01 2.872006893157958984e-01 2.045217342674732208e-02 1.986669003963470459e-02 9.848017096519470215e-01 9.759994745254516602e-01 3.168862342834472656e+00
1.300000000000000000e+04 1.145323887467384338e-01 2.086464315652847290e-01 1.645688563585281372e-01 1.716472208499908447e-01 1.008015405386686325e-02 1.925158314406871796e-02 6.241810917854309082e-01 5.940263271331787109e-01 1.586070656776428223e+00 1.145323887467384338e-01 2.086464315652847290e-01 1.645688563585281372e-01 1.716472208499908447e-01 1.008015405386686325e-02 1.925158314406871796e-02 6.241810917854309082e-01 5.940263271331787109e-01 1.586070656776428223e+00
1.400000000000000000e+04 9.273117780685424805e-02 1.457301080226898193e-01 1.075034216046333313e-01 9.108857065439224243e-02 3.094560699537396431e-03 1.712667196989059448e-02 3.687878549098968506e-01 3.323161005973815918e-01 6.787515878677368164e-01 9.273117780685424805e-02 1.457301080226898193e-01 1.075034216046333313e-01 9.108857065439224243e-02 3.094560699537396431e-03 1.712667196989059448e-02 3.687878549098968506e-01 3.323161005973815918e-01 6.787515878677368164e-01
1.500000000000000000e+04 6.095189228653907776e-02 1.043723449110984802e-01 7.809673249721527100e-02 4.444073140621185303e-02 1.430594478733837605e-03 1.020481903105974197e-02 2.154046595096588135e-01 1.927487254142761230e-01 3.030684888362884521e-01 6.095189228653907776e-02 1.043723449110984802e-01 7.809673249721527100e-02 4.444073140621185303e-02 1.430594478733837605e-03 1.020481903105974197e-02 2.154046595096588135e-01 1.927487254142761230e-01 3.030684888362884521e-01
1.600000000000000000e+04 4.255843162536621094e-02 8.223025500774383545e-02 6.247946992516517639e-02 1.877111382782459259e-02 7.198594394139945507e-04 4.631114657968282700e-03 1.198548972606658936e-01 1.113859191536903381e-01 1.556051224470138550e-01 4.255843162536621094e-02 8.223025500774383545e-02 6.247946992516517639e-02 1.877111382782459259e-02 7.198594394139945507e-04 4.631114657968282700e-03 1.198548972606658936e-01 1.113859191536903381e-01 1.556051224470138550e-01
1.700000000000000000e+04 3.285637497901916504e-02 6.709180772304534912e-02 5.365903303027153015e-02 6.609344389289617538e-03 3.368145553395152092e-04 1.658894005231559277e-03 6.186357885599136353e-02 6.115457415580749512e-02 8.495909720659255981e-02 3.285637497901916504e-02 6.709180772304534912e-02 5.365903303027153015e-02 6.609344389289617538e-03 3.368145553395152092e-04 1.658894005231559277e-03 6.186357885599136353e-02 6.115457415580749512e-02 8.495909720659255981e-02
1.800000000000000000e+04 3.024192526936531067e-02 5.728172510862350464e-02 4.817392304539680481e-02 2.099537756294012070e-03 1.881870412034913898e-04 3.069820813834667206e-04 3.235362842679023743e-02 3.596931323409080505e-02 5.067660659551620483e-02 3.024192526936531067e-02 5.728172510862350464e-02 4.817392304539680481e-02 2.099537756294012070e-03 1.881870412034913898e-04 3.069820813834667206e-04 3.235362842679023743e-02 3.596931323409080505e-02 5.067660659551620483e-02
1.900000000000000000e+04 2.801457792520523071e-02 4.956416413187980652e-02 4.271122068166732788e-02 6.150312838144600391e-04 2.100605343002825975e-04 2.391642192378640175e-05 1.841926760971546173e-02 2.228402532637119293e-02 3.230395168066024780e-02 2.801457792520523071e-02 4.956416413187980652e-02 4.271122068166732788e-02 6.150312838144600391e-04 2.100605343002825975e-04 2.391642192378640175e-05 1.841926760971546173e-02 2.228402532637119293e-02 3.230395168066024780e-02
2.000000000000000000e+04 3.166947886347770691e-02 4.376682639122009277e-02 4.658835381269454956e-02 9.132274863077327609e-05 3.079017915297299623e-04 1.730499570840038359e-05 1.190387737005949020e-02 1.472152583301067352e-02 2.206763438880443573e-02 3.166947886347770691e-02 4.376682639122009277e-02 4.658835381269454956e-02 9.132274863077327609e-05 3.079017915297299623e-04 1.730499570840038359e-05 1.190387737005949020e-02 1.472152583301067352e-02 2.206763438880443573e-02
2.000000000000000000e+04 3.166947886347770691e-02 4.376682639122009277e-02 4.658835381269454956e-02 9.132274863077327609e-05 3.079017915297299623e-04 1.730499570840038359e-05 1.190387737005949020e-02 1.472152583301067352e-02 2.206763438880443573e-02 3.166947886347770691e-02 4.376682639122009277e-02 4.658835381269454956e-02 9.132274863077327609e-05 3.079017915297299623e-04 1.730499570840038359e-05 1.190387737005949020e-02 1.472152583301067352e-02 2.206763438880443573e-02
2.002100000000000000e+04 1.049527587890625000e+02 2.693635368347167969e+01 1.900118865966796875e+02 1.780726714059710503e-03 2.199195139110088348e-02 9.779292158782482147e-03 1.172496005892753601e-01 1.711548328399658203e+00 8.517257571220397949e-01 1.049527587890625000e+02 2.693635368347167969e+01 1.900118865966796875e+02 1.780726714059710503e-03 2.199195139110088348e-02 9.779292158782482147e-03 1.172496005892753601e-01 1.711548328399658203e+00 8.517257571220397949e-01
